1602699617 1602699820
1602798279 1602798510
1602583218 1602583259
1602794344 1602796203
1602540961 1602543832
1602572649 1602577430
1602759511 1602759607
1602329443 1602331782
1602708802 1602709480
1602761626 1602761787
1602692775 1602693040
1602841158 1602842829
1602780199 1602781797
1602761787 1602763313
1602609235 1602609644
1602511890 1602512008
1602465959 1602466551
1602749722 1602750433
1602415020 1602415570
1602485471 1602486034
1602422100 1602423001
1602621513 1602622549
1602461393 1602461739
1602827208 1602827220
1602510342 1602511252
1602587394 1602588998
1602736837 1602736847
1602617330 1602617483
1602535953 1602538107
1602567875 1602568183