0 1602804659 1602804666
0 1602687444 1602688568
0 1602774999 1602775256
0 1602605640 1602607103
0 1602419168 1602422103
0 1602405756 1602405877
0 1602529275 1602530991
0 1602555847 1602555920
0 1602575281 1602576790
0 1602692321 1602692647
0 1602791583 1602793406
0 1602345832 1602346926
0 1602363267 1602366693
0 1602555560 1602555847
0 1602816883 1602817159
0 1602839295 1602841322
0 1602468952 1602469205
0 1602673673 1602674574
0 1602519731 1602519994
0 1602366693 1602368210
0 1602461932 1602462125
0 1602482438 1602485263
0 1602647459 1602647947
0 1602837791 1602838755
0 1602636653 1602637839
0 1602697743 1602700522
0 1602709633 1602711200
0 1602330323 1602330325
0 1602587540 1602588288
1 1602629330 1602629375
1 1602411723 1602412536
1 1602723334 1602723546
1 1602552321 1602556667
1 1602631873 1602632045
1 1602422741 1602422885
1 1602430520 1602431053
1 1602715370 1602715954
1 1602817318 1602818266
1 1602351413 1602352168
1 1602651121 1602651308
1 1602342348 1602342557
1 1602768432 1602768796
1 1602609677 1602612916
1 1602543274 1602543468
1 1602815143 1602815420
1 1602478504 1602479785
1 1602626193 1602626692
1 1602841444 1602841569
1 1602741562 1602741948
1 1602765499 1602768231
1 1602832471 1602832963
1 1602452692 1602452731
1 1602584453 1602587872
1 1602336431 1602336777
1 1602395806 1602395843
1 1602487662 1602487717
1 1602437733 1602438515
1 1602651308 1602651662
1 1602752570 1602752623
1 1602705828 1602708339
1 1602632576 1602633593
1 1602401449 1602401925
1 1602629375 1602629447
2 1602800674 1602802588
2 1602342270 1602342770
2 1602411516 1602418649
2 1602669467 1602670284
2 1602813825 1602814087
2 1602725915 1602728858
2 1602834111 1602834744
2 1602657803 1602667111
2 1602516175 1602517023
2 1602840117 1602840867
2 1602446408 1602446505
2 1602445485 1602446408
2 1602573836 1602578156
2 1602428249 1602429387
2 1602458525 1602460014
2 1602464982 1602465116
2 1602737068 1602738589
2 1602400272 1602400886
2 1602705862 1602707431
2 1602487567 1602487878
2 1602558790 1602560145
2 1602689614 1602691765
2 1602746388 1602746948
2 1602383462 1602386298
2 1602455342 1602456951
2 1602552008 1602552867
2 1602810609 1602811085
2 1602675180 1602677920
2 1602644088 1602644301
3 1602606499 1602607101
3 1602565873 1602574701
3 1602618929 1602619442
3 1602695974 1602698232
3 1602509654 1602510800
3 1602743951 1602744542
3 1602814379 1602814478
3 1602379359 1602380281
3 1602562009 1602562170
3 1602550734 1602550823
3 1602803426 1602803931
3 1602411189 1602413447
3 1602746890 1602748872
3 1602437140 1602439658
3 1602531604 1602533799
3 1602520420 1602520543
3 1602516085 1602517023
3 1602834851 1602834872
3 1602441383 1602441786
3 1602371198 1602372043
3 1602354053 1602354298
3 1602370743 1602371198
3 1602448136 1602449616
3 1602789078 1602789351
3 1602340866 1602341786
3 1602574701 1602575802
3 1602449616 1602450989
3 1602806588 1602808745
3 1602834596 1602834851
3 1602725757 1602726034
3 1602486806 1602487064
3 1602615503 1602616405
4 1602819960 1602820007
4 1602774558 1602775919
4 1602807567 1602807967
4 1602488530 1602488879
4 1602700782 1602702224
4 1602813914 1602815694
4 1602641197 1602645129
4 1602479029 1602483587
4 1602774464 1602774558
4 1602655494 1602655706
4 1602567935 1602569249
4 1602598532 1602599090
4 1602844557 1602845073
4 1602548513 1602550489
4 1602629920 1602632666
4 1602760307 1602760450
4 1602661136 1602661967
4 1602657508 1602660940
4 1602461696 1602465382
4 1602405895 1602406259
5 1602424130 1602424425
5 1602637984 1602638182
5 1602445154 1602445998
5 1602500010 1602500646
5 1602635392 1602636759
5 1602605245 1602607462
5 1602415606 1602415861
5 1602825473 1602825707
5 1602742853 1602744952
5 1602477845 1602479547
5 1602334224 1602335490
5 1602340072 1602341579
5 1602548438 1602550983
5 1602629109 1602629468
5 1602809173 1602809561
5 1602679993 1602681496
5 1602375674 1602375769
5 1602694697 1602695383
5 1602544314 1602547272
5 1602401102 1602402536
5 1602839787 1602842750
5 1602390584 1602391460
5 1602597736 1602598944
5 1602498752 1602498765
5 1602756384 1602758171
5 1602561590 1602562802
5 1602483895 1602485523
5 1602584067 1602584775
5 1602576632 1602576765
5 1602646446 1602648612
5 1602624109 1602625403
5 1602383691 1602384732
5 1602511056 1602514839
5 1602471040 1602471278
5 1602376358 1602376381
5 1602818257 1602819866
6 1602610224 1602610503
6 1602699103 1602699505
6 1602752774 1602753733
6 1602829865 1602830418
6 1602540191 1602546269
6 1602679234 1602680468
6 1602550692 1602551562
6 1602658035 1602658079
6 1602800476 1602800986
6 1602483800 1602486194
6 1602716715 1602720737
6 1602508131 1602508764
6 1602836873 1602840022
6 1602792363 1602793895
6 1602576448 1602576725
6 1602753733 1602754333
6 1602727531 1602729964
6 1602696473 1602698644
6 1602416349 1602417454
6 1602844191 1602845189
6 1602462182 1602463987
6 1602479007 1602479875
6 1602571917 1602572107
6 1602631101 1602631182
7 1602697831 1602699981
7 1602714527 1602715329
7 1602364634 1602365483
7 1602501593 1602504698
7 1602439730 1602441458
7 1602465799 1602465939
7 1602475783 1602476058
7 1602827709 1602830470
7 1602842202 1602842624
7 1602464233 1602464566
7 1602826215 1602827493
7 1602841786 1602842202
7 1602448691 1602450430
7 1602675946 1602677582
7 1602328196 1602328977
7 1602691809 1602693632
7 1602480598 1602481185
7 1602668675 1602670656
7 1602465939 1602466045
7 1602476058 1602477167
7 1602489622 1602490336
7 1602511954 1602512429
7 1602411989 1602414473
7 1602559251 1602559971
7 1602684712 1602687327
7 1602384280 1602386805
7 1602356545 1602356644
7 1602429624 1602434690
7 1602607701 1602608036
7 1602445799 1602445830
7 1602444565 1602445301
7 1602372316 1602372516
7 1602639858 1602640100
7 1602742008 1602742697
8 1602804510 1602806450
8 1602475754 1602477843
8 1602349895 1602350625
8 1602483215 1602484439
8 1602621010 1602622409
8 1602782232 1602784182
8 1602659087 1602664413
8 1602779935 1602780496
8 1602562373 1602563814
8 1602741184 1602742302
8 1602614185 1602616884
8 1602557856 1602560156
8 1602670748 1602670961
8 1602767769 1602768043
8 1602379657 1602382449
8 1602826107 1602826521
8 1602626962 1602627027
8 1602501420 1602502732
8 1602430321 1602430741
8 1602698649 1602698849
8 1602552704 1602552753
9 1602500385 1602500468
9 1602672959 1602677898
9 1602566125 1602566131
9 1602722672 1602722869
9 1602738567 1602738648
9 1602498878 1602498955
9 1602826816 1602827024
9 1602367746 1602369703
9 1602496570 1602497812
9 1602407930 1602408950
9 1602769254 1602772131
9 1602585242 1602586285
9 1602559292 1602562692
9 1602566131 1602567305
9 1602474972 1602476380
9 1602543059 1602543661
9 1602825256 1602826816
9 1602479997 1602483329
9 1602749467 1602750415
9 1602571850 1602572281
9 1602535380 1602536880
9 1602393212 1602394676
9 1602704114 1602704481
9 1602621702 1602623209
9 1602671558 1602672425
9 1602750415 1602750645
9 1602712766 1602713138
9 1602514228 1602519078
9 1602617039 1602617344
9 1602790944 1602791206
9 1602655302 1602656509
9 1602722869 1602724252
9 1602338245 1602338997
9 1602669956 1602671558
9 1602356035 1602356216
9 1602724252 1602725295
10 1602617986 1602619519
10 1602836927 1602840392
10 1602467365 1602469056
10 1602378075 1602380905
10 1602615839 1602617041
10 1602787667 1602788365
10 1602358991 1602359203
10 1602542884 1602543554
10 1602712916 1602716036
10 1602383249 1602386144
10 1602346438 1602347122
10 1602615740 1602615839
10 1602444751 1602444938
10 1602749959 1602749978
10 1602704983 1602707006
10 1602627990 1602631346
10 1602686780 1602689691
10 1602678693 1602679345
10 1602575097 1602576450
10 1602600706 1602602555
10 1602569997 1602572475
10 1602381876 1602382864
10 1602380905 1602381876
10 1602405339 1602405443
10 1602831862 1602832821
10 1602766086 1602766718
10 1602716036 1602717364
10 1602550216 1602550294
10 1602659318 1602660885
11 1602527112 1602528987
11 1602375101 1602375271
11 1602514134 1602516436
11 1602363565 1602364018
11 1602680814 1602682102
11 1602805581 1602807322
11 1602391001 1602391410
11 1602777411 1602778495
11 1602568363 1602570863
11 1602471195 1602472420
11 1602534382 1602534937
11 1602373004 1602373436
11 1602638242 1602641253
11 1602826886 1602827592
11 1602453391 1602454172
11 1602535163 1602535453
11 1602528987 1602530066
11 1602735165 1602737065
11 1602666928 1602670629
11 1602434401 1602434441
11 1602798427 1602798476
11 1602803314 1602804634
11 1602457927 1602461363
11 1602818016 1602819913
11 1602675873 1602675945
11 1602824056 1602824991
11 1602777229 1602777411
11 1602420110 1602424089
11 1602395824 1602397686
11 1602578750 1602580962
11 1602445013 1602445730
11 1602824991 1602826886
11 1602670629 1602671034
12 1602578818 1602578924
12 1602683611 1602687529
12 1602613258 1602614202
12 1602721797 1602723613
12 1602788772 1602791997
12 1602522170 1602522198
12 1602800681 1602801798
12 1602332556 1602333108
12 1602548298 1602549807
12 1602569592 1602571439
12 1602377803 1602378079
12 1602721358 1602721797
12 1602723613 1602724534
12 1602389134 1602389244
12 1602416526 1602421010
12 1602378079 1602379680
12 1602737709 1602737820
12 1602384070 1602384822
12 1602666266 1602666270
12 1602842978 1602843302
12 1602507727 1602509094
12 1602702059 1602704641
12 1602830042 1602833143
12 1602843420 1602844655
13 1602606165 1602607087
13 1602678516 1602679490
13 1602522057 1602525963
13 1602436107 1602436709
13 1602771990 1602772823
13 1602588061 1602589573
13 1602446081 1602446903
13 1602394780 1602396263
13 1602360041 1602361469
13 1602576746 1602577709
13 1602775502 1602776369
13 1602451131 1602451926
13 1602489278 1602490170
13 1602825657 1602827053
13 1602477756 1602479323
13 1602474357 1602477064
13 1602749687 1602750302
13 1602692132 1602692943
13 1602607740 1602609177
13 1602744515 1602746335
13 1602811748 1602813622
13 1602517009 1602519433
13 1602561392 1602565417
13 1602667719 1602667881
14 1602651799 1602654720
14 1602668915 1602674229
14 1602826031 1602826602
14 1602710402 1602711016
14 1602470678 1602470797
14 1602332430 1602334944
14 1602391302 1602391624
14 1602470866 1602472747
14 1602413604 1602416208
14 1602625836 1602626977
14 1602772294 1602772456
14 1602432969 1602433783
14 1602612613 1602614595
14 1602573137 1602573931
14 1602483974 1602485962
14 1602615360 1602615416
14 1602467815 1602468108
14 1602497637 1602501005
14 1602698196 1602699441
14 1602340683 1602340811
14 1602811667 1602811860
15 1602380797 1602381061
15 1602740968 1602741036
15 1602602169 1602605858
15 1602343317 1602343540
15 1602507831 1602509711
15 1602337333 1602338872
15 1602613399 1602615432
15 1602386014 1602389955
15 1602583901 1602584262
15 1602452164 1602452869
15 1602379802 1602379947
15 1602526733 1602527660
15 1602334231 1602336219
15 1602749384 1602750016
15 1602409426 1602409844
15 1602341166 1602341180
15 1602569856 1602570373
15 1602758427 1602758652
15 1602802641 1602804480
15 1602502809 1602503434
15 1602645781 1602649067
15 1602809077 1602810757
15 1602489879 1602490727
16 1602736212 1602737869
16 1602523023 1602524396
16 1602615919 1602617993
16 1602723134 1602726426
16 1602644491 1602645677
16 1602716131 1602716905
16 1602345057 1602347399
16 1602596633 1602596901
16 1602415692 1602415710
16 1602391228 1602392532
16 1602557621 1602558097
16 1602337457 1602337776
16 1602693402 1602693663
16 1602648529 1602649089
16 1602816678 1602817105
16 1602417015 1602418563
16 1602554868 1602555695
16 1602570987 1602572154
16 1602741141 1602741762
16 1602584186 1602584259
16 1602743053 1602743935
16 1602814217 1602814866
16 1602488805 1602490684
16 1602768367 1602768483
16 1602430780 1602432457
16 1602647318 1602648529
16 1602799690 1602799746
16 1602642880 1602643709
16 1602504978 1602505829
16 1602541641 1602542063
16 1602385843 1602386387
16 1602480837 1602481440
16 1602514570 1602515483
16 1602386971 1602387229
16 1602715987 1602716131
16 1602495692 1602495857
16 1602368483 1602369917
17 1602401585 1602402154
17 1602664907 1602665052
17 1602493308 1602493842
17 1602501846 1602501901
17 1602530884 1602530960
17 1602760353 1602761895
17 1602416171 1602416996
17 1602419256 1602420200
17 1602794708 1602798063
17 1602684979 1602685981
17 1602644786 1602647526
17 1602761895 1602765520
17 1602807166 1602807424
17 1602688818 1602688874
17 1602501901 1602503047
17 1602538546 1602539012
17 1602512443 1602513242
17 1602780660 1602781110
17 1602443192 1602443718
17 1602685981 1602688791
17 1602392800 1602394136
17 1602666984 1602667463
17 1602688791 1602688818
17 1602824033 1602824312
17 1602639363 1602640129
17 1602731134 1602731216
17 1602700826 1602701297
17 1602407341 1602408767
17 1602798063 1602798266
17 1602765912 1602767311
17 1602439380 1602439588
17 1602839968 1602840773
18 1602678453 1602680263
18 1602473959 1602474886
18 1602668389 1602670149
18 1602596316 1602596734
18 1602494830 1602495248
18 1602488237 1602491158
18 1602432521 1602435416
18 1602636315 1602636411
18 1602367939 1602368198
18 1602395515 1602396240
18 1602792602 1602792788
18 1602767959 1602770303
18 1602797366 1602799448
18 1602784576 1602784820
18 1602827007 1602828284
18 1602557496 1602558508
18 1602761281 1602761505
18 1602785895 1602790829
18 1602365218 1602365772
18 1602632612 1602633531
18 1602797138 1602797366
18 1602693613 1602693941
18 1602784820 1602785347
18 1602643002 1602646252
18 1602444081 1602445332
18 1602657442 1602658753
18 1602491704 1602494830
18 1602717007 1602721930
18 1602532686 1602534060
18 1602796352 1602797138
18 1602400051 1602402165
18 1602740681 1602745798
18 1602337237 1602337533
18 1602810911 1602810952
18 1602498336 1602501374
18 1602411164 1602411847
19 1602601200 1602602274
19 1602485291 1602485543
19 1602480438 1602481022
19 1602471793 1602473813
19 1602353348 1602354032
19 1602412400 1602412674
19 1602592712 1602593802
19 1602815873 1602816305
19 1602476097 1602477141
19 1602468197 1602468723
19 1602588148 1602588293
19 1602583624 1602585112
19 1602830200 1602830215
19 1602455640 1602456709
19 1602437345 1602440236
19 1602526856 1602527434
19 1602573500 1602574511
19 1602539644 1602540188
19 1602735300 1602735789
19 1602640953 1602641415
